0 0 1074003969
0 1000 81923
1000 0 1074003969
-1000 0 -1074003967
1000 1000 759508289
-1000 1000 -759485119
1000 -1000 -759485119
-1000 -1000 759508289
1 2047 540675
2047 1 1073938440
2047 2047 759508289
-2048 2047 -759550656
-2000 -2000 759508289
-2000 -1750 807676453
-2000 -1500 858728040
-2000 -1250 910369265
-2000 -1000 960109726
-2000 -750 1005000314
-2000 -500 1041764230
-2000 -250 1065682931
-2000 0 -1074003967
-2000 250 -1065678861
-2000 500 -1041756282
-2000 750 -1004988806
-2000 1000 -960095074
-2000 1250 -910351887
-2000 1500 -858708376
-2000 1750 -807654875
-2000 2000 -759485119
-1750 -2000 707080228
-1750 -1750 759508289
-1750 -1500 815212962
-1750 -1250 873997621
-1750 -1000 932126654
-1750 -750 986585395
-1750 -500 1032262033
-1750 -250 1062865163
-1750 0 -1074003967
-1750 250 -1062860533
-1750 500 -1032253039
-1750 750 -986572493
-1750 1000 -932110402
-1750 1250 -873978571
-1750 1500 -815191646
-1750 1750 -759485119
-1750 2000 -707055580
-1500 -2000 644363055
-1500 -1750 698495127
-1500 -1500 759508289
-1500 -1250 824912120
-1500 -1000 893461364
-1500 -750 960109726
-1500 -500 1018762299
-1500 -250 1058933380
-1500 0 -1074003967
-1500 250 -1058927996
-1500 500 -1018751941
-1500 750 -960095074
-1500 1000 -893443212
-1500 1250 -824891144
-1500 1500 -759485119
-1500 1750 -698470249
-1500 2000 -644336849
-1250 -2000 569456195
-1250 -1750 624243736
-1250 -1500 687354155
-1250 -1250 759508289
-1250 -1000 838412276
-1250 -750 920592616
-1250 -500 996939713
-1250 -250 1052904588
-1250 0 -1074003967
-1250 250 -1052898164
-1250 500 -996927551
-1250 750 -920575768
-1250 1000 -838391820
-1250 1250 -759485119
-1250 1500 -687328981
-1250 1750 -624217064
-1250 2000 -569428413
-1000 -2000 480131386
-1000 -1750 532559759
-1000 -1500 594818369
-1000 -1250 670315001
-1000 -1000 759508289
-1000 -750 858728040
-1000 -500 960109726
-1000 -250 1041764230
-1000 0 -1074003967
-1000 250 -1041756282
-1000 500 -960095074
-1000 750 -858708376
-1000 1000 -759485119
-1000 1250 -670289415
-1000 1500 -594791103
-1000 1750 -532531313
-1000 2000 -480102086
-750 -2000 377109479
-750 -1750 422787790
-750 -1500 480131386
-750 -1250 552089311
-750 -1000 644363055
-750 -750 759508289
-750 -500 893461364
-750 -250 1018762299
-750 0 -1074003967
-750 250 -1018751941
-750 500 -893443212
-750 750 -759485119
-750 1000 -644336849
-750 1250 -552061217
-750 1500 -480102086
-750 1750 -422757682
-750 2000 -377078809
-500 -2000 260455960
-500 -1750 294731143
-500 -1500 339426489
-500 -1250 398539628
-500 -1000 480131386
-500 -750 594818369
-500 -500 759508289
-500 -250 960109726
-500 0 -1074003967
-500 250 -960095074
-500 500 -759485119
-500 750 -594791103
-500 1000 -480102086
-500 1250 -398509204
-500 1500 -339395399
-500 1750 -294699641
-500 2000 -260424168
-250 -2000 133382021
-250 -1750 151732058
-250 -1500 176439070
-250 -1250 210517698
-250 -1000 260455960
-250 -750 339426489
-250 -500 480131386
-250 -250 759508289
-250 0 -1074003967
-250 250 -759485119
-250 500 -480102086
-250 750 -339395399
-250 1000 -260424168
-250 1250 -210485566
-250 1500 -176406754
-250 1750 -151699622
-250 2000 -133349499
0 -2000 81923
0 -1750 81923
0 -1500 81923
0 -1250 81923
0 -1000 81923
0 -750 81923
0 -500 81923
0 -250 81923
0 0 1074003969
0 250 81923
0 500 81923
0 750 81923
0 1000 81923
0 1250 81923
0 1500 81923
0 1750 81923
0 2000 81923
250 -2000 -133349499
250 -1750 -151699622
250 -1500 -176406754
250 -1250 -210485566
250 -1000 -260424168
250 -750 -339395399
250 -500 -480102086
250 -250 -759485119
250 0 1074003969
250 250 759508289
250 500 480131386
250 750 339426489
250 1000 260455960
250 1250 210517698
250 1500 176439070
250 1750 151732058
250 2000 133382021
500 -2000 -260424168
500 -1750 -294699641
500 -1500 -339395399
500 -1250 -398509204
500 -1000 -480102086
500 -750 -594791103
500 -500 -759485119
500 -250 -960095074
500 0 1074003969
500 250 960109726
500 500 759508289
500 750 594818369
500 1000 480131386
500 1250 398539628
500 1500 339426489
500 1750 294731143
500 2000 260455960
750 -2000 -377078809
750 -1750 -422757682
750 -1500 -480102086
750 -1250 -552061217
750 -1000 -644336849
750 -750 -759485119
750 -500 -893443212
750 -250 -1018751941
750 0 1074003969
750 250 1018762299
750 500 893461364
750 750 759508289
750 1000 644363055
750 1250 552089311
750 1500 480131386
750 1750 422787790
750 2000 377109479
1000 -2000 -480102086
1000 -1750 -532531313
1000 -1500 -594791103
1000 -1250 -670289415
1000 -1000 -759485119
1000 -750 -858708376
1000 -500 -960095074
1000 -250 -1041756282
1000 0 1074003969
1000 250 1041764230
1000 500 960109726
1000 750 858728040
1000 1000 759508289
1000 1250 670315001
1000 1500 594818369
1000 1750 532559759
1000 2000 480131386
1250 -2000 -569428413
1250 -1750 -624217064
1250 -1500 -687328981
1250 -1250 -759485119
1250 -1000 -838391820
1250 -750 -920575768
1250 -500 -996927551
1250 -250 -1052898164
1250 0 1074003969
1250 250 1052904588
1250 500 996939713
1250 750 920592616
1250 1000 838412276
1250 1250 759508289
1250 1500 687354155
1250 1750 624243736
1250 2000 569456195
1500 -2000 -644336849
1500 -1750 -698470249
1500 -1500 -759485119
1500 -1250 -824891144
1500 -1000 -893443212
1500 -750 -960095074
1500 -500 -1018751941
1500 -250 -1058927996
1500 0 1074003969
1500 250 1058933380
1500 500 1018762299
1500 750 960109726
1500 1000 893461364
1500 1250 824912120
1500 1500 759508289
1500 1750 698495127
1500 2000 644363055
1750 -2000 -707055580
1750 -1750 -759485119
1750 -1500 -815191646
1750 -1250 -873978571
1750 -1000 -932110402
1750 -750 -986572493
1750 -500 -1032253039
1750 -250 -1062860533
1750 0 1074003969
1750 250 1062865163
1750 500 1032262033
1750 750 986585395
1750 1000 932126654
1750 1250 873997621
1750 1500 815212962
1750 1750 759508289
1750 2000 707080228
2000 -2000 -759485119
2000 -1750 -807654875
2000 -1500 -858708376
2000 -1250 -910351887
2000 -1000 -960095074
2000 -750 -1004988806
2000 -500 -1041756282
2000 -250 -1065678861
2000 0 1074003969
2000 250 1065682931
2000 500 1041764230
2000 750 1005000314
2000 1000 960109726
2000 1250 910369265
2000 1500 858728040
2000 1750 807676453
2000 2000 759508289
